(kicad_pcb (version 20171130) (host pcbnew "(5.0.2)-1")

  (general
    (thickness 1.6)
    (drawings 11)
    (tracks 171)
    (zones 0)
    (modules 57)
    (nets 54)
  )

  (page A4)
  (layers
    (0 F.Cu signal)
    (31 B.Cu signal)
    (32 B.Adhes user)
    (33 F.Adhes user)
    (34 B.Paste user)
    (35 F.Paste user)
    (36 B.SilkS user)
    (37 F.SilkS user hide)
    (38 B.Mask user)
    (39 F.Mask user)
    (40 Dwgs.User user)
    (41 Cmts.User user)
    (42 Eco1.User user)
    (43 Eco2.User user)
    (44 Edge.Cuts user)
    (45 Margin user hide)
    (46 B.CrtYd user)
    (47 F.CrtYd user)
    (48 B.Fab user hide)
    (49 F.Fab user hide)
  )

  (setup
    (last_trace_width 0.25)
    (trace_clearance 0.2)
    (zone_clearance 0.508)
    (zone_45_only no)
    (trace_min 0.2)
    (segment_width 0.2)
    (edge_width 0.15)
    (via_size 0.45)
    (via_drill 0.3)
    (via_min_size 0.4)
    (via_min_drill 0.3)
    (uvia_size 0.3)
    (uvia_drill 0.1)
    (uvias_allowed no)
    (uvia_min_size 0.2)
    (uvia_min_drill 0.1)
    (pcb_text_width 0.3)
    (pcb_text_size 1.5 1.5)
    (mod_edge_width 0.15)
    (mod_text_size 1 1)
    (mod_text_width 0.15)
    (pad_size 1.524 1.524)
    (pad_drill 0.762)
    (pad_to_mask_clearance 0.051)
    (solder_mask_min_width 0.25)
    (aux_axis_origin 0 0)
    (visible_elements 7FFFFFFF)
    (pcbplotparams
      (layerselection 0x010fc_ffffffff)
      (usegerberextensions false)
      (usegerberattributes false)
      (usegerberadvancedattributes false)
      (creategerberjobfile false)
      (excludeedgelayer true)
      (linewidth 0.100000)
      (plotframeref false)
      (viasonmask false)
      (mode 1)
      (useauxorigin false)
      (hpglpennumber 1)
      (hpglpenspeed 20)
      (hpglpendiameter 15.000000)
      (psnegative false)
      (psa4output false)
      (plotreference true)
      (plotvalue true)
      (plotinvisibletext false)
      (padsonsilk false)
      (subtractmaskfromsilk false)
      (outputformat 1)
      (mirror false)
      (drillshape 1)
      (scaleselection 1)
      (outputdirectory ""))
  )

  (net 0 "")
  (net 1 "Net-(C1-Pad2)")
  (net 2 "Net-(C1-Pad1)")
  (net 3 "Net-(C2-Pad1)")
  (net 4 "Net-(C2-Pad2)")
  (net 5 "Net-(C3-Pad2)")
  (net 6 "Net-(C3-Pad1)")
  (net 7 "Net-(C4-Pad1)")
  (net 8 "Net-(C4-Pad2)")
  (net 9 "Net-(C5-Pad1)")
  (net 10 "Net-(C5-Pad2)")
  (net 11 "Net-(C6-Pad2)")
  (net 12 "Net-(C6-Pad1)")
  (net 13 "Net-(C7-Pad1)")
  (net 14 "Net-(C7-Pad2)")
  (net 15 "Net-(C8-Pad2)")
  (net 16 "Net-(C8-Pad1)")
  (net 17 "Net-(C9-Pad2)")
  (net 18 "Net-(C9-Pad1)")
  (net 19 "Net-(C10-Pad1)")
  (net 20 "Net-(C10-Pad2)")
  (net 21 -12V)
  (net 22 GND)
  (net 23 +12V)
  (net 24 "Net-(J1-PadTN)")
  (net 25 "Net-(J2-PadTN)")
  (net 26 "Net-(J3-PadTN)")
  (net 27 "Net-(J4-PadTN)")
  (net 28 "Net-(J5-PadTN)")
  (net 29 "Net-(J6-PadTN)")
  (net 30 "Net-(J7-PadTN)")
  (net 31 "Net-(J8-PadTN)")
  (net 32 "Net-(R2-Pad2)")
  (net 33 "Net-(R2-Pad1)")
  (net 34 "Net-(R14-Pad1)")
  (net 35 "Net-(R5-Pad2)")
  (net 36 "Net-(R5-Pad1)")
  (net 37 "Net-(R17-Pad1)")
  (net 38 "Net-(R7-Pad1)")
  (net 39 "Net-(R10-Pad1)")
  (net 40 "Net-(R14-Pad2)")
  (net 41 "Net-(R15-Pad1)")
  (net 42 "Net-(R17-Pad2)")
  (net 43 "Net-(R18-Pad1)")
  (net 44 "Net-(R19-Pad2)")
  (net 45 "Net-(R20-Pad2)")
  (net 46 "Net-(R22-Pad2)")
  (net 47 "Net-(R23-Pad2)")
  (net 48 "Net-(R23-Pad1)")
  (net 49 "Net-(R28-Pad1)")
  (net 50 "Net-(U1-Pad13)")
  (net 51 "Net-(U2-Pad13)")
  (net 52 "Net-(SW3-Pad3)")
  (net 53 "Net-(SW3-Pad6)")

  (net_class Default "This is the default net class."
    (clearance 0.2)
    (trace_width 0.25)
    (via_dia 0.45)
    (via_drill 0.3)
    (uvia_dia 0.3)
    (uvia_drill 0.1)
    (add_net +12V)
    (add_net -12V)
    (add_net GND)
    (add_net "Net-(C1-Pad1)")
    (add_net "Net-(C1-Pad2)")
    (add_net "Net-(C10-Pad1)")
    (add_net "Net-(C10-Pad2)")
    (add_net "Net-(C2-Pad1)")
    (add_net "Net-(C2-Pad2)")
    (add_net "Net-(C3-Pad1)")
    (add_net "Net-(C3-Pad2)")
    (add_net "Net-(C4-Pad1)")
    (add_net "Net-(C4-Pad2)")
    (add_net "Net-(C5-Pad1)")
    (add_net "Net-(C5-Pad2)")
    (add_net "Net-(C6-Pad1)")
    (add_net "Net-(C6-Pad2)")
    (add_net "Net-(C7-Pad1)")
    (add_net "Net-(C7-Pad2)")
    (add_net "Net-(C8-Pad1)")
    (add_net "Net-(C8-Pad2)")
    (add_net "Net-(C9-Pad1)")
    (add_net "Net-(C9-Pad2)")
    (add_net "Net-(J1-PadTN)")
    (add_net "Net-(J2-PadTN)")
    (add_net "Net-(J3-PadTN)")
    (add_net "Net-(J4-PadTN)")
    (add_net "Net-(J5-PadTN)")
    (add_net "Net-(J6-PadTN)")
    (add_net "Net-(J7-PadTN)")
    (add_net "Net-(J8-PadTN)")
    (add_net "Net-(R10-Pad1)")
    (add_net "Net-(R14-Pad1)")
    (add_net "Net-(R14-Pad2)")
    (add_net "Net-(R15-Pad1)")
    (add_net "Net-(R17-Pad1)")
    (add_net "Net-(R17-Pad2)")
    (add_net "Net-(R18-Pad1)")
    (add_net "Net-(R19-Pad2)")
    (add_net "Net-(R2-Pad1)")
    (add_net "Net-(R2-Pad2)")
    (add_net "Net-(R20-Pad2)")
    (add_net "Net-(R22-Pad2)")
    (add_net "Net-(R23-Pad1)")
    (add_net "Net-(R23-Pad2)")
    (add_net "Net-(R28-Pad1)")
    (add_net "Net-(R5-Pad1)")
    (add_net "Net-(R5-Pad2)")
    (add_net "Net-(R7-Pad1)")
    (add_net "Net-(SW3-Pad3)")
    (add_net "Net-(SW3-Pad6)")
    (add_net "Net-(U1-Pad13)")
    (add_net "Net-(U2-Pad13)")
  )

  (module Resistor_SMD:R_1206_3216Metric_Pad1.42x1.75mm_HandSolder (layer B.Cu) (tedit 5B301BBD) (tstamp 5C5C8196)
    (at 171.704 -23.114)
    (descr "Resistor SMD 1206 (3216 Metric), square (rectangular) end terminal, IPC_7351 nominal with elongated pad for handsoldering. (Body size source: http://www.tortai-tech.com/upload/download/2011102023233369053.pdf), generated with kicad-footprint-generator")
    (tags "resistor handsolder")
    (path /5C574F6F)
    (attr smd)
    (fp_text reference R26 (at -3.81 0) (layer B.SilkS)
      (effects (font (size 1 1) (thickness 0.15)) (justify mirror))
    )
    (fp_text value 100K (at 0 -1.82) (layer B.Fab)
      (effects (font (size 1 1) (thickness 0.15)) (justify mirror))
    )
    (fp_line (start -1.6 -0.8) (end -1.6 0.8) (layer B.Fab) (width 0.1))
    (fp_line (start -1.6 0.8) (end 1.6 0.8) (layer B.Fab) (width 0.1))
    (fp_line (start 1.6 0.8) (end 1.6 -0.8) (layer B.Fab) (width 0.1))
    (fp_line (start 1.6 -0.8) (end -1.6 -0.8) (layer B.Fab) (width 0.1))
    (fp_line (start -0.602064 0.91) (end 0.602064 0.91) (layer B.SilkS) (width 0.12))
    (fp_line (start -0.602064 -0.91) (end 0.602064 -0.91) (layer B.SilkS) (width 0.12))
    (fp_line (start -2.45 -1.12) (end -2.45 1.12) (layer B.CrtYd) (width 0.05))
    (fp_line (start -2.45 1.12) (end 2.45 1.12) (layer B.CrtYd) (width 0.05))
    (fp_line (start 2.45 1.12) (end 2.45 -1.12) (layer B.CrtYd) (width 0.05))
    (fp_line (start 2.45 -1.12) (end -2.45 -1.12) (layer B.CrtYd) (width 0.05))
    (fp_text user %R (at 0 0) (layer B.Fab)
      (effects (font (size 0.8 0.8) (thickness 0.12)) (justify mirror))
    )
    (pad 1 smd roundrect (at -1.4875 0) (size 1.425 1.75) (layers B.Cu B.Paste B.Mask) (roundrect_rratio 0.175439)
      (net 43 "Net-(R18-Pad1)"))
    (pad 2 smd roundrect (at 1.4875 0) (size 1.425 1.75) (layers B.Cu B.Paste B.Mask) (roundrect_rratio 0.175439)
      (net 48 "Net-(R23-Pad1)"))
    (model ${KISYS3DMOD}/Resistor_SMD.3dshapes/R_1206_3216Metric.wrl
      (at (xyz 0 0 0))
      (scale (xyz 1 1 1))
      (rotate (xyz 0 0 0))
    )
  )

  (module Capacitor_SMD:C_1206_3216Metric_Pad1.42x1.75mm_HandSolder (layer B.Cu) (tedit 5B301BBE) (tstamp 5C5BA0A0)
    (at 166.243 -14.605 90)
    (descr "Capacitor SMD 1206 (3216 Metric), square (rectangular) end terminal, IPC_7351 nominal with elongated pad for handsoldering. (Body size source: http://www.tortai-tech.com/upload/download/2011102023233369053.pdf), generated with kicad-footprint-generator")
    (tags "capacitor handsolder")
    (path /5C574F0A)
    (attr smd)
    (fp_text reference C6 (at -3.302 0.038854 90) (layer B.SilkS)
      (effects (font (size 1 1) (thickness 0.15)) (justify mirror))
    )
    (fp_text value 47pF (at 0 -1.82 90) (layer B.Fab)
      (effects (font (size 1 1) (thickness 0.15)) (justify mirror))
    )
    (fp_text user %R (at 0.044934 0.292854 90) (layer B.Fab)
      (effects (font (size 0.8 0.8) (thickness 0.12)) (justify mirror))
    )
    (fp_line (start 2.45 -1.12) (end -2.45 -1.12) (layer B.CrtYd) (width 0.05))
    (fp_line (start 2.45 1.12) (end 2.45 -1.12) (layer B.CrtYd) (width 0.05))
    (fp_line (start -2.45 1.12) (end 2.45 1.12) (layer B.CrtYd) (width 0.05))
    (fp_line (start -2.45 -1.12) (end -2.45 1.12) (layer B.CrtYd) (width 0.05))
    (fp_line (start -0.602064 -0.91) (end 0.602064 -0.91) (layer B.SilkS) (width 0.12))
    (fp_line (start -0.602064 0.91) (end 0.602064 0.91) (layer B.SilkS) (width 0.12))
    (fp_line (start 1.6 -0.8) (end -1.6 -0.8) (layer B.Fab) (width 0.1))
    (fp_line (start 1.6 0.8) (end 1.6 -0.8) (layer B.Fab) (width 0.1))
    (fp_line (start -1.6 0.8) (end 1.6 0.8) (layer B.Fab) (width 0.1))
    (fp_line (start -1.6 -0.8) (end -1.6 0.8) (layer B.Fab) (width 0.1))
    (pad 2 smd roundrect (at 1.4875 0 90) (size 1.425 1.75) (layers B.Cu B.Paste B.Mask) (roundrect_rratio 0.175439)
      (net 11 "Net-(C6-Pad2)"))
    (pad 1 smd roundrect (at -1.4875 0 90) (size 1.425 1.75) (layers B.Cu B.Paste B.Mask) (roundrect_rratio 0.175439)
      (net 12 "Net-(C6-Pad1)"))
    (model ${KISYS3DMOD}/Capacitor_SMD.3dshapes/C_1206_3216Metric.wrl
      (at (xyz 0 0 0))
      (scale (xyz 1 1 1))
      (rotate (xyz 0 0 0))
    )
  )

  (module Resistor_SMD:R_1206_3216Metric_Pad1.42x1.75mm_HandSolder (layer B.Cu) (tedit 5B301BBD) (tstamp 5C5BA070)
    (at 163.957 -14.605 90)
    (descr "Resistor SMD 1206 (3216 Metric), square (rectangular) end terminal, IPC_7351 nominal with elongated pad for handsoldering. (Body size source: http://www.tortai-tech.com/upload/download/2011102023233369053.pdf), generated with kicad-footprint-generator")
    (tags "resistor handsolder")
    (path /5C574EFD)
    (attr smd)
    (fp_text reference R12 (at -3.81 0 90) (layer B.SilkS)
      (effects (font (size 1 1) (thickness 0.15)) (justify mirror))
    )
    (fp_text value 100K (at 0 -1.82 90) (layer B.Fab)
      (effects (font (size 1 1) (thickness 0.15)) (justify mirror))
    )
    (fp_text user %R (at 0 0 90) (layer B.Fab)
      (effects (font (size 0.8 0.8) (thickness 0.12)) (justify mirror))
    )
    (fp_line (start 2.45 -1.12) (end -2.45 -1.12) (layer B.CrtYd) (width 0.05))
    (fp_line (start 2.45 1.12) (end 2.45 -1.12) (layer B.CrtYd) (width 0.05))
    (fp_line (start -2.45 1.12) (end 2.45 1.12) (layer B.CrtYd) (width 0.05))
    (fp_line (start -2.45 -1.12) (end -2.45 1.12) (layer B.CrtYd) (width 0.05))
    (fp_line (start -0.602064 -0.91) (end 0.602064 -0.91) (layer B.SilkS) (width 0.12))
    (fp_line (start -0.602064 0.91) (end 0.602064 0.91) (layer B.SilkS) (width 0.12))
    (fp_line (start 1.6 -0.8) (end -1.6 -0.8) (layer B.Fab) (width 0.1))
    (fp_line (start 1.6 0.8) (end 1.6 -0.8) (layer B.Fab) (width 0.1))
    (fp_line (start -1.6 0.8) (end 1.6 0.8) (layer B.Fab) (width 0.1))
    (fp_line (start -1.6 -0.8) (end -1.6 0.8) (layer B.Fab) (width 0.1))
    (pad 2 smd roundrect (at 1.4875 0 90) (size 1.425 1.75) (layers B.Cu B.Paste B.Mask) (roundrect_rratio 0.175439)
      (net 11 "Net-(C6-Pad2)"))
    (pad 1 smd roundrect (at -1.4875 0 90) (size 1.425 1.75) (layers B.Cu B.Paste B.Mask) (roundrect_rratio 0.175439)
      (net 12 "Net-(C6-Pad1)"))
    (model ${KISYS3DMOD}/Resistor_SMD.3dshapes/R_1206_3216Metric.wrl
      (at (xyz 0 0 0))
      (scale (xyz 1 1 1))
      (rotate (xyz 0 0 0))
    )
  )

  (module "Custom Parts:3.5mm_tip_switch_thonkiconn" (layer F.Cu) (tedit 5C3C022D) (tstamp 5C5BA2D7)
    (at 140.462 -65.786 180)
    (descr "TRS 3.5mm, vertical, Thonkiconn, PCB mount, (http://www.qingpu-electronics.com/en/products/WQP-PJ398SM-362.html)")
    (tags "WQP-PJ398SM TRS 3.5mm mono vertical jack thonkiconn qingpu")
    (path /5C54B4F8)
    (fp_text reference J1 (at -4.03 1.08) (layer F.SilkS)
      (effects (font (size 1 1) (thickness 0.15)))
    )
    (fp_text value IN1 (at 0 5) (layer F.Fab)
      (effects (font (size 1 1) (thickness 0.15)))
    )
    (fp_text user KEEPOUT (at 0 6.48 180) (layer Cmts.User)
      (effects (font (size 0.4 0.4) (thickness 0.051)))
    )
    (fp_line (start -5 13.25) (end -5 -1.58) (layer F.CrtYd) (width 0.05))
    (fp_line (start -4.5 12.48) (end -4.5 2.08) (layer F.Fab) (width 0.1))
    (fp_text user %R (at 0 8) (layer F.Fab)
      (effects (font (size 1 1) (thickness 0.15)))
    )
    (fp_line (start -4.5 1.98) (end -4.5 12.48) (layer F.SilkS) (width 0.12))
    (fp_line (start 4.5 1.98) (end 4.5 12.48) (layer F.SilkS) (width 0.12))
    (fp_circle (center 0 6.48) (end 1.5 6.48) (layer Dwgs.User) (width 0.12))
    (fp_line (start 0.09 7.96) (end 1.48 6.57) (layer Dwgs.User) (width 0.12))
    (fp_line (start -0.58 7.83) (end 1.36 5.89) (layer Dwgs.User) (width 0.12))
    (fp_line (start -1.07 7.49) (end 1.01 5.41) (layer Dwgs.User) (width 0.12))
    (fp_line (start -1.42 6.875) (end 0.4 5.06) (layer Dwgs.User) (width 0.12))
    (fp_line (start -1.41 6.02) (end -0.46 5.07) (layer Dwgs.User) (width 0.12))
    (fp_arc (start 0 6.48) (end 0 9.375) (angle 153.4) (layer F.SilkS) (width 0.12))
    (fp_arc (start 0 6.48) (end 0 9.375) (angle -153.4) (layer F.SilkS) (width 0.12))
    (fp_line (start 4.5 12.48) (end 1 12.48) (layer F.SilkS) (width 0.12))
    (fp_line (start -1 12.48) (end -4.5 12.48) (layer F.SilkS) (width 0.12))
    (fp_line (start 4.5 1.98) (end 0.9 1.98) (layer F.SilkS) (width 0.12))
    (fp_line (start -0.9 1.98) (end -4.5 1.98) (layer F.SilkS) (width 0.12))
    (fp_circle (center 0 6.48) (end 1.8 6.48) (layer F.SilkS) (width 0.12))
    (fp_line (start -0.42 1.2) (end -0.42 1.8) (layer F.SilkS) (width 0.12))
    (fp_line (start 0.42 1.2) (end 0.42 1.8) (layer F.SilkS) (width 0.12))
    (fp_line (start -1.4 -1.18) (end -1.4 -0.08) (layer F.SilkS) (width 0.12))
    (fp_line (start -1.4 -1.18) (end -0.08 -1.18) (layer F.SilkS) (width 0.12))
    (fp_line (start 4.5 12.48) (end 4.5 2.08) (layer F.Fab) (width 0.1))
    (fp_line (start 4.5 12.48) (end -4.5 12.48) (layer F.Fab) (width 0.1))
    (fp_line (start 5 13.25) (end 5 -1.58) (layer F.CrtYd) (width 0.05))
    (fp_line (start 5 13.25) (end -5 13.25) (layer F.CrtYd) (width 0.05))
    (fp_line (start 5 -1.58) (end -5 -1.58) (layer F.CrtYd) (width 0.05))
    (fp_line (start 4.5 2.03) (end -4.5 2.03) (layer F.Fab) (width 0.1))
    (fp_circle (center 0 6.48) (end 1.8 6.48) (layer F.Fab) (width 0.1))
    (fp_line (start 0 0) (end 0 2.03) (layer F.Fab) (width 0.1))
    (pad TN thru_hole oval (at 0 3.1) (size 2.4 1.5) (drill oval 1.5 0.6) (layers *.Cu *.Mask)
      (net 24 "Net-(J1-PadTN)"))
    (pad S thru_hole rect (at 0 0) (size 2.2 1.5) (drill oval 1.3 0.6) (layers *.Cu *.Mask)
      (net 22 GND))
    (pad T thru_hole oval (at 0 11.4) (size 2.5 1.4) (drill oval 1.5 0.5) (layers *.Cu *.Mask)
      (net 2 "Net-(C1-Pad1)"))
    (model ${KISYS3DMOD}/Connector_Audio.3dshapes/Jack_3.5mm_QingPu_WQP-PJ398SM_Vertical.wrl
      (at (xyz 0 0 0))
      (scale (xyz 1 1 1))
      (rotate (xyz 0 0 0))
    )
  )

  (module "Custom Parts:3.5mm_tip_switch_thonkiconn" (layer F.Cu) (tedit 5C3C022D) (tstamp 5C5BA1CF)
    (at 177.292 -65.786 180)
    (descr "TRS 3.5mm, vertical, Thonkiconn, PCB mount, (http://www.qingpu-electronics.com/en/products/WQP-PJ398SM-362.html)")
    (tags "WQP-PJ398SM TRS 3.5mm mono vertical jack thonkiconn qingpu")
    (path /5C574E78)
    (fp_text reference J2 (at -4.03 1.08) (layer F.SilkS)
      (effects (font (size 1 1) (thickness 0.15)))
    )
    (fp_text value IN4 (at 0 5) (layer F.Fab)
      (effects (font (size 1 1) (thickness 0.15)))
    )
    (fp_line (start 0 0) (end 0 2.03) (layer F.Fab) (width 0.1))
    (fp_circle (center 0 6.48) (end 1.8 6.48) (layer F.Fab) (width 0.1))
    (fp_line (start 4.5 2.03) (end -4.5 2.03) (layer F.Fab) (width 0.1))
    (fp_line (start 5 -1.58) (end -5 -1.58) (layer F.CrtYd) (width 0.05))
    (fp_line (start 5 13.25) (end -5 13.25) (layer F.CrtYd) (width 0.05))
    (fp_line (start 5 13.25) (end 5 -1.58) (layer F.CrtYd) (width 0.05))
    (fp_line (start 4.5 12.48) (end -4.5 12.48) (layer F.Fab) (width 0.1))
    (fp_line (start 4.5 12.48) (end 4.5 2.08) (layer F.Fab) (width 0.1))
    (fp_line (start -1.4 -1.18) (end -0.08 -1.18) (layer F.SilkS) (width 0.12))
    (fp_line (start -1.4 -1.18) (end -1.4 -0.08) (layer F.SilkS) (width 0.12))
    (fp_line (start 0.42 1.2) (end 0.42 1.8) (layer F.SilkS) (width 0.12))
    (fp_line (start -0.42 1.2) (end -0.42 1.8) (layer F.SilkS) (width 0.12))
    (fp_circle (center 0 6.48) (end 1.8 6.48) (layer F.SilkS) (width 0.12))
    (fp_line (start -0.9 1.98) (end -4.5 1.98) (layer F.SilkS) (width 0.12))
    (fp_line (start 4.5 1.98) (end 0.9 1.98) (layer F.SilkS) (width 0.12))
    (fp_line (start -1 12.48) (end -4.5 12.48) (layer F.SilkS) (width 0.12))
    (fp_line (start 4.5 12.48) (end 1 12.48) (layer F.SilkS) (width 0.12))
    (fp_arc (start 0 6.48) (end 0 9.375) (angle -153.4) (layer F.SilkS) (width 0.12))
    (fp_arc (start 0 6.48) (end 0 9.375) (angle 153.4) (layer F.SilkS) (width 0.12))
    (fp_line (start -1.41 6.02) (end -0.46 5.07) (layer Dwgs.User) (width 0.12))
    (fp_line (start -1.42 6.875) (end 0.4 5.06) (layer Dwgs.User) (width 0.12))
    (fp_line (start -1.07 7.49) (end 1.01 5.41) (layer Dwgs.User) (width 0.12))
    (fp_line (start -0.58 7.83) (end 1.36 5.89) (layer Dwgs.User) (width 0.12))
    (fp_line (start 0.09 7.96) (end 1.48 6.57) (layer Dwgs.User) (width 0.12))
    (fp_circle (center 0 6.48) (end 1.5 6.48) (layer Dwgs.User) (width 0.12))
    (fp_line (start 4.5 1.98) (end 4.5 12.48) (layer F.SilkS) (width 0.12))
    (fp_line (start -4.5 1.98) (end -4.5 12.48) (layer F.SilkS) (width 0.12))
    (fp_text user %R (at 0 8) (layer F.Fab)
      (effects (font (size 1 1) (thickness 0.15)))
    )
    (fp_line (start -4.5 12.48) (end -4.5 2.08) (layer F.Fab) (width 0.1))
    (fp_line (start -5 13.25) (end -5 -1.58) (layer F.CrtYd) (width 0.05))
    (fp_text user KEEPOUT (at 0 6.48 180) (layer Cmts.User)
      (effects (font (size 0.4 0.4) (thickness 0.051)))
    )
    (pad T thru_hole oval (at 0 11.4) (size 2.5 1.4) (drill oval 1.5 0.5) (layers *.Cu *.Mask)
      (net 3 "Net-(C2-Pad1)"))
    (pad S thru_hole rect (at 0 0) (size 2.2 1.5) (drill oval 1.3 0.6) (layers *.Cu *.Mask)
      (net 22 GND))
    (pad TN thru_hole oval (at 0 3.1) (size 2.4 1.5) (drill oval 1.5 0.6) (layers *.Cu *.Mask)
      (net 25 "Net-(J2-PadTN)"))
    (model ${KISYS3DMOD}/Connector_Audio.3dshapes/Jack_3.5mm_QingPu_WQP-PJ398SM_Vertical.wrl
      (at (xyz 0 0 0))
      (scale (xyz 1 1 1))
      (rotate (xyz 0 0 0))
    )
  )

  (module "Custom Parts:3.5mm_tip_switch_thonkiconn" (layer F.Cu) (tedit 5C3C022D) (tstamp 5C5B9086)
    (at 140.335 -28.829 180)
    (descr "TRS 3.5mm, vertical, Thonkiconn, PCB mount, (http://www.qingpu-electronics.com/en/products/WQP-PJ398SM-362.html)")
    (tags "WQP-PJ398SM TRS 3.5mm mono vertical jack thonkiconn qingpu")
    (path /5C54B5CF)
    (fp_text reference J3 (at -4.03 1.08) (layer F.SilkS)
      (effects (font (size 1 1) (thickness 0.15)))
    )
    (fp_text value IN3 (at 0 5) (layer F.Fab)
      (effects (font (size 1 1) (thickness 0.15)))
    )
    (fp_text user KEEPOUT (at 0 6.48 180) (layer Cmts.User)
      (effects (font (size 0.4 0.4) (thickness 0.051)))
    )
    (fp_line (start -5 13.25) (end -5 -1.58) (layer F.CrtYd) (width 0.05))
    (fp_line (start -4.5 12.48) (end -4.5 2.08) (layer F.Fab) (width 0.1))
    (fp_text user %R (at 0 8) (layer F.Fab)
      (effects (font (size 1 1) (thickness 0.15)))
    )
    (fp_line (start -4.5 1.98) (end -4.5 12.48) (layer F.SilkS) (width 0.12))
    (fp_line (start 4.5 1.98) (end 4.5 12.48) (layer F.SilkS) (width 0.12))
    (fp_circle (center 0 6.48) (end 1.5 6.48) (layer Dwgs.User) (width 0.12))
    (fp_line (start 0.09 7.96) (end 1.48 6.57) (layer Dwgs.User) (width 0.12))
    (fp_line (start -0.58 7.83) (end 1.36 5.89) (layer Dwgs.User) (width 0.12))
    (fp_line (start -1.07 7.49) (end 1.01 5.41) (layer Dwgs.User) (width 0.12))
    (fp_line (start -1.42 6.875) (end 0.4 5.06) (layer Dwgs.User) (width 0.12))
    (fp_line (start -1.41 6.02) (end -0.46 5.07) (layer Dwgs.User) (width 0.12))
    (fp_arc (start 0 6.48) (end 0 9.375) (angle 153.4) (layer F.SilkS) (width 0.12))
    (fp_arc (start 0 6.48) (end 0 9.375) (angle -153.4) (layer F.SilkS) (width 0.12))
    (fp_line (start 4.5 12.48) (end 1 12.48) (layer F.SilkS) (width 0.12))
    (fp_line (start -1 12.48) (end -4.5 12.48) (layer F.SilkS) (width 0.12))
    (fp_line (start 4.5 1.98) (end 0.9 1.98) (layer F.SilkS) (width 0.12))
    (fp_line (start -0.9 1.98) (end -4.5 1.98) (layer F.SilkS) (width 0.12))
    (fp_circle (center 0 6.48) (end 1.8 6.48) (layer F.SilkS) (width 0.12))
    (fp_line (start -0.42 1.2) (end -0.42 1.8) (layer F.SilkS) (width 0.12))
    (fp_line (start 0.42 1.2) (end 0.42 1.8) (layer F.SilkS) (width 0.12))
    (fp_line (start -1.4 -1.18) (end -1.4 -0.08) (layer F.SilkS) (width 0.12))
    (fp_line (start -1.4 -1.18) (end -0.08 -1.18) (layer F.SilkS) (width 0.12))
    (fp_line (start 4.5 12.48) (end 4.5 2.08) (layer F.Fab) (width 0.1))
    (fp_line (start 4.5 12.48) (end -4.5 12.48) (layer F.Fab) (width 0.1))
    (fp_line (start 5 13.25) (end 5 -1.58) (layer F.CrtYd) (width 0.05))
    (fp_line (start 5 13.25) (end -5 13.25) (layer F.CrtYd) (width 0.05))
    (fp_line (start 5 -1.58) (end -5 -1.58) (layer F.CrtYd) (width 0.05))
    (fp_line (start 4.5 2.03) (end -4.5 2.03) (layer F.Fab) (width 0.1))
    (fp_circle (center 0 6.48) (end 1.8 6.48) (layer F.Fab) (width 0.1))
    (fp_line (start 0 0) (end 0 2.03) (layer F.Fab) (width 0.1))
    (pad TN thru_hole oval (at 0 3.1) (size 2.4 1.5) (drill oval 1.5 0.6) (layers *.Cu *.Mask)
      (net 26 "Net-(J3-PadTN)"))
    (pad S thru_hole rect (at 0 0) (size 2.2 1.5) (drill oval 1.3 0.6) (layers *.Cu *.Mask)
      (net 22 GND))
    (pad T thru_hole oval (at 0 11.4) (size 2.5 1.4) (drill oval 1.5 0.5) (layers *.Cu *.Mask)
      (net 13 "Net-(C7-Pad1)"))
    (model ${KISYS3DMOD}/Connector_Audio.3dshapes/Jack_3.5mm_QingPu_WQP-PJ398SM_Vertical.wrl
      (at (xyz 0 0 0))
      (scale (xyz 1 1 1))
      (rotate (xyz 0 0 0))
    )
  )

  (module "Custom Parts:3.5mm_tip_switch_thonkiconn" (layer F.Cu) (tedit 5C3C022D) (tstamp 5C5B94DF)
    (at 177.292 -47.244 180)
    (descr "TRS 3.5mm, vertical, Thonkiconn, PCB mount, (http://www.qingpu-electronics.com/en/products/WQP-PJ398SM-362.html)")
    (tags "WQP-PJ398SM TRS 3.5mm mono vertical jack thonkiconn qingpu")
    (path /5C574E7F)
    (fp_text reference J4 (at -4.03 1.08) (layer F.SilkS)
      (effects (font (size 1 1) (thickness 0.15)))
    )
    (fp_text value IN5 (at 0 5) (layer F.Fab)
      (effects (font (size 1 1) (thickness 0.15)))
    )
    (fp_text user KEEPOUT (at 0 6.48 180) (layer Cmts.User)
      (effects (font (size 0.4 0.4) (thickness 0.051)))
    )
    (fp_line (start -5 13.25) (end -5 -1.58) (layer F.CrtYd) (width 0.05))
    (fp_line (start -4.5 12.48) (end -4.5 2.08) (layer F.Fab) (width 0.1))
    (fp_text user %R (at 0 8) (layer F.Fab)
      (effects (font (size 1 1) (thickness 0.15)))
    )
    (fp_line (start -4.5 1.98) (end -4.5 12.48) (layer F.SilkS) (width 0.12))
    (fp_line (start 4.5 1.98) (end 4.5 12.48) (layer F.SilkS) (width 0.12))
    (fp_circle (center 0 6.48) (end 1.5 6.48) (layer Dwgs.User) (width 0.12))
    (fp_line (start 0.09 7.96) (end 1.48 6.57) (layer Dwgs.User) (width 0.12))
    (fp_line (start -0.58 7.83) (end 1.36 5.89) (layer Dwgs.User) (width 0.12))
    (fp_line (start -1.07 7.49) (end 1.01 5.41) (layer Dwgs.User) (width 0.12))
    (fp_line (start -1.42 6.875) (end 0.4 5.06) (layer Dwgs.User) (width 0.12))
    (fp_line (start -1.41 6.02) (end -0.46 5.07) (layer Dwgs.User) (width 0.12))
    (fp_arc (start 0 6.48) (end 0 9.375) (angle 153.4) (layer F.SilkS) (width 0.12))
    (fp_arc (start 0 6.48) (end 0 9.375) (angle -153.4) (layer F.SilkS) (width 0.12))
    (fp_line (start 4.5 12.48) (end 1 12.48) (layer F.SilkS) (width 0.12))
    (fp_line (start -1 12.48) (end -4.5 12.48) (layer F.SilkS) (width 0.12))
    (fp_line (start 4.5 1.98) (end 0.9 1.98) (layer F.SilkS) (width 0.12))
    (fp_line (start -0.9 1.98) (end -4.5 1.98) (layer F.SilkS) (width 0.12))
    (fp_circle (center 0 6.48) (end 1.8 6.48) (layer F.SilkS) (width 0.12))
    (fp_line (start -0.42 1.2) (end -0.42 1.8) (layer F.SilkS) (width 0.12))
    (fp_line (start 0.42 1.2) (end 0.42 1.8) (layer F.SilkS) (width 0.12))
    (fp_line (start -1.4 -1.18) (end -1.4 -0.08) (layer F.SilkS) (width 0.12))
    (fp_line (start -1.4 -1.18) (end -0.08 -1.18) (layer F.SilkS) (width 0.12))
    (fp_line (start 4.5 12.48) (end 4.5 2.08) (layer F.Fab) (width 0.1))
    (fp_line (start 4.5 12.48) (end -4.5 12.48) (layer F.Fab) (width 0.1))
    (fp_line (start 5 13.25) (end 5 -1.58) (layer F.CrtYd) (width 0.05))
    (fp_line (start 5 13.25) (end -5 13.25) (layer F.CrtYd) (width 0.05))
    (fp_line (start 5 -1.58) (end -5 -1.58) (layer F.CrtYd) (width 0.05))
    (fp_line (start 4.5 2.03) (end -4.5 2.03) (layer F.Fab) (width 0.1))
    (fp_circle (center 0 6.48) (end 1.8 6.48) (layer F.Fab) (width 0.1))
    (fp_line (start 0 0) (end 0 2.03) (layer F.Fab) (width 0.1))
    (pad TN thru_hole oval (at 0 3.1) (size 2.4 1.5) (drill oval 1.5 0.6) (layers *.Cu *.Mask)
      (net 27 "Net-(J4-PadTN)"))
    (pad S thru_hole rect (at 0 0) (size 2.2 1.5) (drill oval 1.3 0.6) (layers *.Cu *.Mask)
      (net 22 GND))
    (pad T thru_hole oval (at 0 11.4) (size 2.5 1.4) (drill oval 1.5 0.5) (layers *.Cu *.Mask)
      (net 9 "Net-(C5-Pad1)"))
    (model ${KISYS3DMOD}/Connector_Audio.3dshapes/Jack_3.5mm_QingPu_WQP-PJ398SM_Vertical.wrl
      (at (xyz 0 0 0))
      (scale (xyz 1 1 1))
      (rotate (xyz 0 0 0))
    )
  )

  (module "Custom Parts:3.5mm_tip_switch_thonkiconn" (layer F.Cu) (tedit 5C3C022D) (tstamp 5C5B924E)
    (at 140.462 -47.244 180)
    (descr "TRS 3.5mm, vertical, Thonkiconn, PCB mount, (http://www.qingpu-electronics.com/en/products/WQP-PJ398SM-362.html)")
    (tags "WQP-PJ398SM TRS 3.5mm mono vertical jack thonkiconn qingpu")
    (path /5C54B589)
    (fp_text reference J5 (at -4.03 1.08) (layer F.SilkS)
      (effects (font (size 1 1) (thickness 0.15)))
    )
    (fp_text value IN2 (at 0 5) (layer F.Fab)
      (effects (font (size 1 1) (thickness 0.15)))
    )
    (fp_line (start 0 0) (end 0 2.03) (layer F.Fab) (width 0.1))
    (fp_circle (center 0 6.48) (end 1.8 6.48) (layer F.Fab) (width 0.1))
    (fp_line (start 4.5 2.03) (end -4.5 2.03) (layer F.Fab) (width 0.1))
    (fp_line (start 5 -1.58) (end -5 -1.58) (layer F.CrtYd) (width 0.05))
    (fp_line (start 5 13.25) (end -5 13.25) (layer F.CrtYd) (width 0.05))
    (fp_line (start 5 13.25) (end 5 -1.58) (layer F.CrtYd) (width 0.05))
    (fp_line (start 4.5 12.48) (end -4.5 12.48) (layer F.Fab) (width 0.1))
    (fp_line (start 4.5 12.48) (end 4.5 2.08) (layer F.Fab) (width 0.1))
    (fp_line (start -1.4 -1.18) (end -0.08 -1.18) (layer F.SilkS) (width 0.12))
    (fp_line (start -1.4 -1.18) (end -1.4 -0.08) (layer F.SilkS) (width 0.12))
    (fp_line (start 0.42 1.2) (end 0.42 1.8) (layer F.SilkS) (width 0.12))
    (fp_line (start -0.42 1.2) (end -0.42 1.8) (layer F.SilkS) (width 0.12))
    (fp_circle (center 0 6.48) (end 1.8 6.48) (layer F.SilkS) (width 0.12))
    (fp_line (start -0.9 1.98) (end -4.5 1.98) (layer F.SilkS) (width 0.12))
    (fp_line (start 4.5 1.98) (end 0.9 1.98) (layer F.SilkS) (width 0.12))
    (fp_line (start -1 12.48) (end -4.5 12.48) (layer F.SilkS) (width 0.12))
    (fp_line (start 4.5 12.48) (end 1 12.48) (layer F.SilkS) (width 0.12))
    (fp_arc (start 0 6.48) (end 0 9.375) (angle -153.4) (layer F.SilkS) (width 0.12))
    (fp_arc (start 0 6.48) (end 0 9.375) (angle 153.4) (layer F.SilkS) (width 0.12))
    (fp_line (start -1.41 6.02) (end -0.46 5.07) (layer Dwgs.User) (width 0.12))
    (fp_line (start -1.42 6.875) (end 0.4 5.06) (layer Dwgs.User) (width 0.12))
    (fp_line (start -1.07 7.49) (end 1.01 5.41) (layer Dwgs.User) (width 0.12))
    (fp_line (start -0.58 7.83) (end 1.36 5.89) (layer Dwgs.User) (width 0.12))
    (fp_line (start 0.09 7.96) (end 1.48 6.57) (layer Dwgs.User) (width 0.12))
    (fp_circle (center 0 6.48) (end 1.5 6.48) (layer Dwgs.User) (width 0.12))
    (fp_line (start 4.5 1.98) (end 4.5 12.48) (layer F.SilkS) (width 0.12))
    (fp_line (start -4.5 1.98) (end -4.5 12.48) (layer F.SilkS) (width 0.12))
    (fp_text user %R (at 0 8) (layer F.Fab)
      (effects (font (size 1 1) (thickness 0.15)))
    )
    (fp_line (start -4.5 12.48) (end -4.5 2.08) (layer F.Fab) (width 0.1))
    (fp_line (start -5 13.25) (end -5 -1.58) (layer F.CrtYd) (width 0.05))
    (fp_text user KEEPOUT (at 0 6.48 180) (layer Cmts.User)
      (effects (font (size 0.4 0.4) (thickness 0.051)))
    )
    (pad T thru_hole oval (at 0 11.4) (size 2.5 1.4) (drill oval 1.5 0.5) (layers *.Cu *.Mask)
      (net 6 "Net-(C3-Pad1)"))
    (pad S thru_hole rect (at 0 0) (size 2.2 1.5) (drill oval 1.3 0.6) (layers *.Cu *.Mask)
      (net 22 GND))
    (pad TN thru_hole oval (at 0 3.1) (size 2.4 1.5) (drill oval 1.5 0.6) (layers *.Cu *.Mask)
      (net 28 "Net-(J5-PadTN)"))
    (model ${KISYS3DMOD}/Connector_Audio.3dshapes/Jack_3.5mm_QingPu_WQP-PJ398SM_Vertical.wrl
      (at (xyz 0 0 0))
      (scale (xyz 1 1 1))
      (rotate (xyz 0 0 0))
    )
  )

  (module "Custom Parts:3.5mm_tip_switch_thonkiconn" (layer F.Cu) (tedit 5C3C022D) (tstamp 5C5B91DF)
    (at 177.165 -28.829 180)
    (descr "TRS 3.5mm, vertical, Thonkiconn, PCB mount, (http://www.qingpu-electronics.com/en/products/WQP-PJ398SM-362.html)")
    (tags "WQP-PJ398SM TRS 3.5mm mono vertical jack thonkiconn qingpu")
    (path /5C574E86)
    (fp_text reference J6 (at -4.03 1.08) (layer F.SilkS)
      (effects (font (size 1 1) (thickness 0.15)))
    )
    (fp_text value IN6 (at 0 5) (layer F.Fab)
      (effects (font (size 1 1) (thickness 0.15)))
    )
    (fp_line (start 0 0) (end 0 2.03) (layer F.Fab) (width 0.1))
    (fp_circle (center 0 6.48) (end 1.8 6.48) (layer F.Fab) (width 0.1))
    (fp_line (start 4.5 2.03) (end -4.5 2.03) (layer F.Fab) (width 0.1))
    (fp_line (start 5 -1.58) (end -5 -1.58) (layer F.CrtYd) (width 0.05))
    (fp_line (start 5 13.25) (end -5 13.25) (layer F.CrtYd) (width 0.05))
    (fp_line (start 5 13.25) (end 5 -1.58) (layer F.CrtYd) (width 0.05))
    (fp_line (start 4.5 12.48) (end -4.5 12.48) (layer F.Fab) (width 0.1))
    (fp_line (start 4.5 12.48) (end 4.5 2.08) (layer F.Fab) (width 0.1))
    (fp_line (start -1.4 -1.18) (end -0.08 -1.18) (layer F.SilkS) (width 0.12))
    (fp_line (start -1.4 -1.18) (end -1.4 -0.08) (layer F.SilkS) (width 0.12))
    (fp_line (start 0.42 1.2) (end 0.42 1.8) (layer F.SilkS) (width 0.12))
    (fp_line (start -0.42 1.2) (end -0.42 1.8) (layer F.SilkS) (width 0.12))
    (fp_circle (center 0 6.48) (end 1.8 6.48) (layer F.SilkS) (width 0.12))
    (fp_line (start -0.9 1.98) (end -4.5 1.98) (layer F.SilkS) (width 0.12))
    (fp_line (start 4.5 1.98) (end 0.9 1.98) (layer F.SilkS) (width 0.12))
    (fp_line (start -1 12.48) (end -4.5 12.48) (layer F.SilkS) (width 0.12))
    (fp_line (start 4.5 12.48) (end 1 12.48) (layer F.SilkS) (width 0.12))
    (fp_arc (start 0 6.48) (end 0 9.375) (angle -153.4) (layer F.SilkS) (width 0.12))
    (fp_arc (start 0 6.48) (end 0 9.375) (angle 153.4) (layer F.SilkS) (width 0.12))
    (fp_line (start -1.41 6.02) (end -0.46 5.07) (layer Dwgs.User) (width 0.12))
    (fp_line (start -1.42 6.875) (end 0.4 5.06) (layer Dwgs.User) (width 0.12))
    (fp_line (start -1.07 7.49) (end 1.01 5.41) (layer Dwgs.User) (width 0.12))
    (fp_line (start -0.58 7.83) (end 1.36 5.89) (layer Dwgs.User) (width 0.12))
    (fp_line (start 0.09 7.96) (end 1.48 6.57) (layer Dwgs.User) (width 0.12))
    (fp_circle (center 0 6.48) (end 1.5 6.48) (layer Dwgs.User) (width 0.12))
    (fp_line (start 4.5 1.98) (end 4.5 12.48) (layer F.SilkS) (width 0.12))
    (fp_line (start -4.5 1.98) (end -4.5 12.48) (layer F.SilkS) (width 0.12))
    (fp_text user %R (at -0.635 8.001) (layer F.Fab)
      (effects (font (size 1 1) (thickness 0.15)))
    )
    (fp_line (start -4.5 12.48) (end -4.5 2.08) (layer F.Fab) (width 0.1))
    (fp_line (start -5 13.25) (end -5 -1.58) (layer F.CrtYd) (width 0.05))
    (fp_text user KEEPOUT (at 0 6.48 180) (layer Cmts.User)
      (effects (font (size 0.4 0.4) (thickness 0.051)))
    )
    (pad T thru_hole oval (at 0 11.4) (size 2.5 1.4) (drill oval 1.5 0.5) (layers *.Cu *.Mask)
      (net 16 "Net-(C8-Pad1)"))
    (pad S thru_hole rect (at 0 0) (size 2.2 1.5) (drill oval 1.3 0.6) (layers *.Cu *.Mask)
      (net 22 GND))
    (pad TN thru_hole oval (at 0 3.1) (size 2.4 1.5) (drill oval 1.5 0.6) (layers *.Cu *.Mask)
      (net 29 "Net-(J6-PadTN)"))
    (model ${KISYS3DMOD}/Connector_Audio.3dshapes/Jack_3.5mm_QingPu_WQP-PJ398SM_Vertical.wrl
      (at (xyz 0 0 0))
      (scale (xyz 1 1 1))
      (rotate (xyz 0 0 0))
    )
  )

  (module "Custom Parts:3.5mm_tip_switch_thonkiconn" (layer F.Cu) (tedit 5C3C022D) (tstamp 5C5B954E)
    (at 140.335 -10.16 180)
    (descr "TRS 3.5mm, vertical, Thonkiconn, PCB mount, (http://www.qingpu-electronics.com/en/products/WQP-PJ398SM-362.html)")
    (tags "WQP-PJ398SM TRS 3.5mm mono vertical jack thonkiconn qingpu")
    (path /5C55D21C)
    (fp_text reference J7 (at -4.03 1.08) (layer F.SilkS)
      (effects (font (size 1 1) (thickness 0.15)))
    )
    (fp_text value OUT1 (at 0 5) (layer F.Fab)
      (effects (font (size 1 1) (thickness 0.15)))
    )
    (fp_line (start 0 0) (end 0 2.03) (layer F.Fab) (width 0.1))
    (fp_circle (center 0 6.48) (end 1.8 6.48) (layer F.Fab) (width 0.1))
    (fp_line (start 4.5 2.03) (end -4.5 2.03) (layer F.Fab) (width 0.1))
    (fp_line (start 5 -1.58) (end -5 -1.58) (layer F.CrtYd) (width 0.05))
    (fp_line (start 5 13.25) (end -5 13.25) (layer F.CrtYd) (width 0.05))
    (fp_line (start 5 13.25) (end 5 -1.58) (layer F.CrtYd) (width 0.05))
    (fp_line (start 4.5 12.48) (end -4.5 12.48) (layer F.Fab) (width 0.1))
    (fp_line (start 4.5 12.48) (end 4.5 2.08) (layer F.Fab) (width 0.1))
    (fp_line (start -1.4 -1.18) (end -0.08 -1.18) (layer F.SilkS) (width 0.12))
    (fp_line (start -1.4 -1.18) (end -1.4 -0.08) (layer F.SilkS) (width 0.12))
    (fp_line (start 0.42 1.2) (end 0.42 1.8) (layer F.SilkS) (width 0.12))
    (fp_line (start -0.42 1.2) (end -0.42 1.8) (layer F.SilkS) (width 0.12))
    (fp_circle (center 0 6.48) (end 1.8 6.48) (layer F.SilkS) (width 0.12))
    (fp_line (start -0.9 1.98) (end -4.5 1.98) (layer F.SilkS) (width 0.12))
    (fp_line (start 4.5 1.98) (end 0.9 1.98) (layer F.SilkS) (width 0.12))
    (fp_line (start -1 12.48) (end -4.5 12.48) (layer F.SilkS) (width 0.12))
    (fp_line (start 4.5 12.48) (end 1 12.48) (layer F.SilkS) (width 0.12))
    (fp_arc (start 0 6.48) (end 0 9.375) (angle -153.4) (layer F.SilkS) (width 0.12))
    (fp_arc (start 0 6.48) (end 0 9.375) (angle 153.4) (layer F.SilkS) (width 0.12))
    (fp_line (start -1.41 6.02) (end -0.46 5.07) (layer Dwgs.User) (width 0.12))
    (fp_line (start -1.42 6.875) (end 0.4 5.06) (layer Dwgs.User) (width 0.12))
    (fp_line (start -1.07 7.49) (end 1.01 5.41) (layer Dwgs.User) (width 0.12))
    (fp_line (start -0.58 7.83) (end 1.36 5.89) (layer Dwgs.User) (width 0.12))
    (fp_line (start 0.09 7.96) (end 1.48 6.57) (layer Dwgs.User) (width 0.12))
    (fp_circle (center 0 6.48) (end 1.5 6.48) (layer Dwgs.User) (width 0.12))
    (fp_line (start 4.5 1.98) (end 4.5 12.48) (layer F.SilkS) (width 0.12))
    (fp_line (start -4.5 1.98) (end -4.5 12.48) (layer F.SilkS) (width 0.12))
    (fp_text user %R (at 0 8) (layer F.Fab)
      (effects (font (size 1 1) (thickness 0.15)))
    )
    (fp_line (start -4.5 12.48) (end -4.5 2.08) (layer F.Fab) (width 0.1))
    (fp_line (start -5 13.25) (end -5 -1.58) (layer F.CrtYd) (width 0.05))
    (fp_text user KEEPOUT (at 0 6.48 180) (layer Cmts.User)
      (effects (font (size 0.4 0.4) (thickness 0.051)))
    )
    (pad T thru_hole oval (at 0 11.4) (size 2.5 1.4) (drill oval 1.5 0.5) (layers *.Cu *.Mask)
      (net 17 "Net-(C9-Pad2)"))
    (pad S thru_hole rect (at 0 0) (size 2.2 1.5) (drill oval 1.3 0.6) (layers *.Cu *.Mask)
      (net 22 GND))
    (pad TN thru_hole oval (at 0 3.1) (size 2.4 1.5) (drill oval 1.5 0.6) (layers *.Cu *.Mask)
      (net 30 "Net-(J7-PadTN)"))
    (model ${KISYS3DMOD}/Connector_Audio.3dshapes/Jack_3.5mm_QingPu_WQP-PJ398SM_Vertical.wrl
      (at (xyz 0 0 0))
      (scale (xyz 1 1 1))
      (rotate (xyz 0 0 0))
    )
  )

  (module "Custom Parts:3.5mm_tip_switch_thonkiconn" (layer F.Cu) (tedit 5C3C022D) (tstamp 5C5B9470)
    (at 177.165 -10.16 180)
    (descr "TRS 3.5mm, vertical, Thonkiconn, PCB mount, (http://www.qingpu-electronics.com/en/products/WQP-PJ398SM-362.html)")
    (tags "WQP-PJ398SM TRS 3.5mm mono vertical jack thonkiconn qingpu")
    (path /5C574F65)
    (fp_text reference J8 (at -4.03 1.08) (layer F.SilkS)
      (effects (font (size 1 1) (thickness 0.15)))
    )
    (fp_text value OUT2 (at 0 5) (layer F.Fab)
      (effects (font (size 1 1) (thickness 0.15)))
    )
    (fp_text user KEEPOUT (at 0 6.48 180) (layer Cmts.User)
      (effects (font (size 0.4 0.4) (thickness 0.051)))
    )
    (fp_line (start -5 13.25) (end -5 -1.58) (layer F.CrtYd) (width 0.05))
    (fp_line (start -4.5 12.48) (end -4.5 2.08) (layer F.Fab) (width 0.1))
    (fp_text user %R (at 0 8) (layer F.Fab)
      (effects (font (size 1 1) (thickness 0.15)))
    )
    (fp_line (start -4.5 1.98) (end -4.5 12.48) (layer F.SilkS) (width 0.12))
    (fp_line (start 4.5 1.98) (end 4.5 12.48) (layer F.SilkS) (width 0.12))
    (fp_circle (center 0 6.48) (end 1.5 6.48) (layer Dwgs.User) (width 0.12))
    (fp_line (start 0.09 7.96) (end 1.48 6.57) (layer Dwgs.User) (width 0.12))
    (fp_line (start -0.58 7.83) (end 1.36 5.89) (layer Dwgs.User) (width 0.12))
    (fp_line (start -1.07 7.49) (end 1.01 5.41) (layer Dwgs.User) (width 0.12))
    (fp_line (start -1.42 6.875) (end 0.4 5.06) (layer Dwgs.User) (width 0.12))
    (fp_line (start -1.41 6.02) (end -0.46 5.07) (layer Dwgs.User) (width 0.12))
    (fp_arc (start 0 6.48) (end 0 9.375) (angle 153.4) (layer F.SilkS) (width 0.12))
    (fp_arc (start 0 6.48) (end 0 9.375) (angle -153.4) (layer F.SilkS) (width 0.12))
    (fp_line (start 4.5 12.48) (end 1 12.48) (layer F.SilkS) (width 0.12))
    (fp_line (start -1 12.48) (end -4.5 12.48) (layer F.SilkS) (width 0.12))
    (fp_line (start 4.5 1.98) (end 0.9 1.98) (layer F.SilkS) (width 0.12))
    (fp_line (start -0.9 1.98) (end -4.5 1.98) (layer F.SilkS) (width 0.12))
    (fp_circle (center 0 6.48) (end 1.8 6.48) (layer F.SilkS) (width 0.12))
    (fp_line (start -0.42 1.2) (end -0.42 1.8) (layer F.SilkS) (width 0.12))
    (fp_line (start 0.42 1.2) (end 0.42 1.8) (layer F.SilkS) (width 0.12))
    (fp_line (start -1.4 -1.18) (end -1.4 -0.08) (layer F.SilkS) (width 0.12))
    (fp_line (start -1.4 -1.18) (end -0.08 -1.18) (layer F.SilkS) (width 0.12))
    (fp_line (start 4.5 12.48) (end 4.5 2.08) (layer F.Fab) (width 0.1))
    (fp_line (start 4.5 12.48) (end -4.5 12.48) (layer F.Fab) (width 0.1))
    (fp_line (start 5 13.25) (end 5 -1.58) (layer F.CrtYd) (width 0.05))
